SPECULATE {
  "gamma":4,
  "drafted":182,
  "accepted_draft":1,
  "bonus":0,
  "accept_pct":0.549451,
  "spec_ms":628.259,
  "target_only_ms":1215.97,
  "speedup":1.93545,
  "new_tokens":48,
  "device":"gpu"
}
1 9690 198 2683 359 253 5356 5646 11173 3365 3511 308 34519 28 7018 411 407 19712 8182 2 198 1 4093 198 19161 827 8545 563 45742 30 2 198 1 520 9531 198 55 3526 35610 29 2542 7867 1734 28 13147 411 45742 28 2626 12949 4604 7596 284 1439 4890 30 1216 1734 17188 260 2116 3849 282 23256 28 715 347 624 904 2376 1557 28 904 23466 28 284 2470 288 4249 284 9327 940 8106 28
