SPECULATE {
  "gamma":4,
  "drafted":159,
  "accepted_draft":7,
  "bonus":0,
  "accept_pct":4.40252,
  "spec_ms":825.58,
  "target_only_ms":178.243,
  "speedup":0.215901,
  "new_tokens":48,
  "device":"gpu"
}
1 9690 198 2683 359 253 5356 5646 11173 3365 3511 308 34519 28 7018 411 407 19712 8182 2 198 1 4093 198 19161 253 1890 8510 563 503 33972 30 2 198 1 520 9531 198 13317 33972 359 3197 2774 338 13477 1205 29 14934 2909 618 3746 29 38138 6388 30 1069 359 1895 2549 281 260 1421 282 3197 28 347 502 5202 9994 288 2965 284 1028 2909 8106 28 4345 260 655 284 3867 2309 288 1464 3197 30
